bpm=88
measure=3
offset=0
speed=1

0
0
200100
102010100000
200000200000100000000000
0
200100
102010100000
200000200000100000000000
0
bpm=96
200200
211100
200000101010
100000202020
222111
200211

200000101010
100000202020
200100
200000200000
200200202020
100100101010
222111
200211
200200101010
100100202020
222111
200200

200222
100111
200111
212111
200111
100222
222111
111222

bpm=80
speed=1.2
2
speed=1
0
0
330000000000
330000000000
330000000000
330000000000
330000000000
330000000000
330000000000
330000000000
000300000000000000000000000000000000000000000000
0
bpm=160
speed=0.5
0
speed=4
0
speed=2
0
speed=1
0
speed=0.5
0
speed=0.25
0
speed=1
bpm=96
200100
102010100000
200000200000100000000000
200121
200100
102010100000
200000200000100000000000
0
0
0
0
0
