offset=0
bpm=190

0000
1
2
1
2010
1
2
1
21
32
31
32
31
11
22
11
22
2011
33
//IFIF
11
2220
22
1110
21
1122
3000
22
11
2220
22
1110
21
1122
3000
11
//ぴたっと
2
11
1
22
2
1010
11
2220
//びしっと
2
11
1
22
2
1010
2220
1122
//デバッグテスト
1110
2220
11
2220
22
11
22
1110
//恋愛も勉強も
1
2
12
30030000
2
2
1
1
speed=1
2220
1110
speed=1
33
//yes noだけで
0
21
2
2
12
//いつでも
32
1110
2220
1122
12
3
1
22
12
2210
1120
2110
1120
2211
2211
21
30030030
//大変！
1
2
1
21
31
32
2211
2211
//sword
speed=1
22
1110
speed=1
11
2220
bpm=200
speed=1
11
2220
speed=1
22
1110
speed=1
2220
1110
speed=1
1110
2220
speed=1
2220
1110
speed=1
2222
1110
bpm=190
speed=1.0
21
21
21
33
//ゲームの中の
21
3
1
22
12
2
1
20201003
00303000
0
21
3
1
2211
//いつでも
31
2220
1110
2220
//0と1だけで
1122
1
2
30030303
0
1110
2220
1110
2220
1120
2210
1220
1122
1110
2220
3333
30030030
0000
1122
11
2220
22
1110
11
2211
3
3333
//RPG
12
1120
21
2210
33
1122
3
3
speed=1.0
21
30000000
speed=1.0
0
0
0