bpm=150
measure=4
offset=0

//intro
22201110
22201010
20011020
3330
22102210
11201120
20011020
22221000
20102220
20111020
10201110
20103030
//A
10102010
20202010
11102010
11221020
10102010
20202010
11102010
22112000

20111020
2220
10222010
1110
20111020
2211
22221010
30303000
//sabi
22222010
11111020
22201110
30303000
22221010
11112020
10112022
20202000
//kanso
11102220
20221010
11102220
20221110
//2ban
20102210
20102210
20102210
11222010
10201120
10201120
10201120
11112000

20111020
2220
10222010
1110
20111020
2211
22221010
30303000
//sabi
22222010
11111020
22201110
30303000
22221010
11112020
10112022
20202000

20111020
2220
10222010
1110
20111020
2211
22221010
30303000

//kanso
20020000
10010000
20010000
10020000
22020000
11010000
22010000
11020000
2222
1111
2121
1212
22201110
11102220
22102210
11201120
1001000020020000
3
0
0
0

//sabi
21121010
12212020
22212011
30303000
21121010
12212020
12112022
20202000

//sabi
22221010
11112020
22221011
30303000
22221010
11112020
10112022
20202000

20111020
30102000
10212010
20103000
20212020
20201010
11221010
30303000

11221010
30303000
0
0
0
0