bpm=194
measure=4
offset=0
speed=1.2

//intro
20020020
20020020
10010010
10010010
20020020
20020020
10010010
10010010
20020111
20020111
10010222
10010222
20010111
20010111
10110222
3

//A
20001202
00201010
30000000
00000111
02220111
10010010
20220000
//でゅるるるる
0022

//激しくなるとこ
11100220
11100220
22200120
22200120
22110120
22110120
2211
3000000000000000

//B
20222011
1110
10111022
1210
10222011
11102000
20111022
22202000
//激しくなるとこ
20102220
10201110
2211
3000
1111
2222
11102220
22222220

//サビ
20020020
10010010
20020020
10010010

20010020
10020010
10020010
20010020

20020010
1122
10010020
2211

20010020
1122
1323
1000

20020010
10010020
20010010
10020020

//間奏
11101110
11101110
22202220
22202220
11102220
11102220
22201110
22201110

11101110
11101110
22202220
22202220
11102220
11102220
22201110
22201110

//落ちサビに向かうとこ
2220
1110
2222
1110
22222220
11111110
21212121
21212121
2000

//落ちサビ
0
20020020
20020020
10010010
10010010
20010020
10010020
10020010
20020010
2222
2222
1111
1111
2222
1111
1323
1000
0

//サビ
20020111
10010222
10010222
10020111

20010111
20010222
10020222
10020111

20020111
10010222
20010222
10020111

20010111
10020222
1323
2000

20020111
10010222
20010222
10020111


//閉会式
1111
2222
1111
2222
1112
1122
1222
2222
//コーラス
30000000
30003000
30000000
30003000
30000000
00000000
0
0
0030
0
