bpm=175
offset=0
speed=1

0000
0000
3333
20100210
20100210
20020020
01001010
20100210
20100210
20010010
3
20010010
00220110
2002001000002020
0010100010010010
20010010
0000202000102000
12121210
3333
2020102000000000
0000201000201020
2
00210120
2020102000000000
00121211
1
3

2020102000001020
2000201000201020
2
00120120
22120001
0000201000201020
20000000
3333
2222
2222
1111
1111
2222
2222
1111
1111

2222
2222
1111
1111
2222
2222
1111
1111

2211
2211
2211
2211
2211
2211
2121
2121

bpm=700
speed=0.25
0
speed=0.375
0
speed=0.5
0
speed=0.625
0
speed=0.75
0
speed=0.875
0
speed=1
0
speed=1.125
0
speed=1.25
0
speed=1.5
0
speed=1.75
0
speed=1.5
0
speed=1.25
0
speed=1.125
0
speed=1
0
speed=0.875
0
speed=0.75
0
speed=0.625
0
speed=0.5
0
speed=0.375
0
bpm=175
speed=1

2222
1111
2222
10102200

22100210
11200120
22100210
22110000

22201110
22201110
11102220
11102220
22201110
22201110
11102220
11102220

21201210
21201210
12102120
12102120
21201210
21201210
12102120
12102120

22102210
22102210
11201120
11201120
22102210
22102210
11201120
11201122

bpm=1400
speed=0.125
0
speed=0.25
0
speed=0.375
0
speed=0.5
0
speed=0.625
0
speed=0.75
0
speed=0.875
0
speed=1
0
speed=1.125
0
speed=1.25
0
0
speed=1.125
0
speed=1
0
speed=0.875
0
speed=0.75
0
speed=0.625
0
speed=0.5
0
speed=0.375
0
speed=0.25
0
bpm=175
speed=1
0