offset=0
bpm=135
measure=4

  
0
21
1122
1122
1122
10102220
1122
1122
1122
11103000
//B
20201020
10102010
20201010
10202222
20201020
10102010
20201010
10203000
1122
10102220
1122
22201110
1122
10102220
1212
11203000
//A
10102220
10102220
10102220
22102210
10102220
10102220
10102220
22103000
//B
20201122
10102211
20201122
10102211
20201122
10102211
20201122
11113000
11102220
11102210
11102220
22201110
11102220
11102220
11111110
22223000

1122
1122
1122
10102220
1122
1122
1122
11103000
2222
1111
2211
2121
1122
1122
1212
11112222
21
3330
0
