bpm=88
measure=3
offset=0
speed=1

0
0
200100
102010100002
200000200000110000000000
0
200100
102010100002
200000200000110000000000
0
bpm=96
222222
200100100212121200
201120102020
201120101020
102210211010
200211
012101
100011200000
201010102120
200000200000
202202200022
101101100011
202202101101
200210201010
202200202202
101100101101
200000200200202020100000101010100000
200212200200000000
100000212211
100000221222
200000112212
221120221110
100000212211
100000112212
202212221210
221111112222

bpm=80
speed=1.2
300000
speed=1
0
0
202010100200000000000200100200100200
202020101000000000100100100200200100
202020100100100100200010101000200200
100000000100
000000000000202020101010200100100100
200020001000100010002000000000000000200200200000000000001000000100000100
100000000000200000000000100100100000000200000000200000000000000000000000
000000002000
000001000000000000000000000000000000000000000000000000000000000000000000
0
bpm=160
speed=0.5
0
speed=4
0
speed=2
0
speed=1
0
speed=0.5
0
speed=0.25
0
speed=1
bpm=96
200100
102010100002
200000200000110000000000
200000112010202010201002
200100
102010100002
200000200000110000000000
0
0
0
0
0
