offset=0
bpm=80
measure=4

  
2211
2211
1122
1122
2021101010020010
1002201020003000
2021101010022010
measure=6
speed=1.5
100220101000200020002000
measure=4
speed=1
1133

//ŒN‚ÍÎ‚Á‚Ä
12121121
1022100000001020
1011002010220010
1020220110000000
02121121
1022100000001020
1011002010220010
measure=6
speed=1.5
200010221000100010001000
measure=4
speed=1
2000200020221020

//‚Ç‚ñ‚¿‚«
22122212
2022102022201020
2022001010220010
2022210210001000
11211121
1011201011102010
1000201010220010
2020102210112101

2121
2010202010022010
1000102201102010
2000000000011101
0220000010001000
2000000010003020

//sabi
2001002020010020
1022001020110010
2001002020010020
1022001020001002
2020102110000021
2010201110000012
1020202110000012
2010202110003000
0
0
0
0
0