// Title: single kiss
// Memo: Feat.重音テト
//       作曲：ugonight
// Demo Start: 82

bpm=127
offset=0
speed=3

//intro
0
0000000000002211
speed=2
22021101
22021101
22021101
2020002010102211
22021101
22021101
22021101
2020002010102211
2012001210210021
2012001210210021
2102210221022102
2010002030102121
2012001210210021
2012001210210021
2102210221022102
2010002030102121

// A
21313030
3000301020102211
21313030
3000301020102012
21313030
3000301020102211
21313030
3010302030102211

// B
2012201220122012
1021102110211021
2012201220122012
1021102110211021
3021302130213021
3021302130213021
2121202121212021
2010212020102211

// S
22021101
22021101
2020002010002001
2000100210202012
20213112
12120222
3000000000002001
32313231
20201010202010102211221122112211
30303032

30313131
31320111
3010302000002001
2002100210202012
30313131
31320111
3010302000002001
2000200120001020
01313131
0020012000101010
30120121
2010201020102102
01313131
0020012000001010
3000201000200210
2102120212012211

// outro
2012001210210021
2012001210210021
2102210221022102
2010002030102121
22021101
22021101
22021101
2020002010102211
22021101
22021101
2121212121212121
2121212120102211
0
0
