offset=0
bpm=216
measure=4

  
0000
0000
//a~
20102210
20120210
20102210
20120210
20102210
20120210
20102210
21121121

20102210
20120210
20102210
20120210
20102210
20120210
20102210
21121121
//A
22120221
21210120
20010020
10000000
1000000010020010
20020211
20010121
21121121

22120211
21220211
10020020
10002000
2002002010010010
20201010
2000000020010010
21121121

//B
20221022
21221022
20221022
21221022
20211022
21121022
21221022
21121000

20102210
20120210
20102210
20120210
20102110
20120210
21121121
21121121

//C
22120221
12210211
10020020
10002000
1000000010010020
10020211
20010010
21121121

22120221
12120211
20010020
10020010
20000000
10020010
10000000
11212212

//a~
12212212
12212212
21121121
21121121
11211212
11211212
22122121
21121121

12212212
12212212
21121121
21121121
11211212
11211212
22122121
21121121
2
0
0
0
0
0
0
0