bpm=170
measure=4
offset=-0.0
speed=1.5

1000000011101000
2000000022202000
1000111020002220
2
//A
2022202011101010
2222201111101020
1110222011102220
2022101020000000

0022201022111020
2220111022122010
2011102022102210
2220101030000000

2022102011201020
2211101122202010
1120221011202210
2022101020000000

0022102022122010
2110122011221010
2011202021201210
2210112030000000

0022112022122010
2110122011221120
2011202221201210
2211122030000000
//B
11212212
12121121
22122121
11212212
21121121
21211121
22112212
3000
//A
2022102011201020
2211101122202010
1120221011202210
2022101020000000

0022112022122010
2110122011221120
2011202221201210
2211122022221111

//piano
2222111122112211
1111212212122211
1111221122112122
2222111111112222
0012121122221122
2222112221212121
2222112222112121
2222111120000000
0012121122112122
1212212221212121
2222122221112111
1111111122222222

11212212
12121121
22122121
11212212
21121121
21211121
22112212
3000
//A
2022202011101010
2222201111101020
1110222011102220
2022101020000000

0022201022111020
2220111022122010
2011102022102210
2220101030000000

2022102011201020
2211101122202010
1120221011202210
2022101020000000

0022102022122010
2110122011221010
2011202021201210
2210112030000000

0022112022122010
2110122011221120
2011202221201210
30303000
0