bpm=170
measure=4
offset=-0.0

1
2
11
2
//A
20221011
20211012
10121010
3110
02021011
10111022
20221010
3220
20221011
20211012
10121010
3110
02021011
10111022
20221010
3220
02021011
10111022
20221010
3220
//B
12
32
12
23
12
32
2310
3000
//A
20221011
20211012
10121010
3110
02021011
10111022
20221010
3220

//piano
11112222
11112222
11221212
2000200011112222
01121211
1000100021212121
22122121
11223000
01121211
1000100021212121
22122020
1111111122222222
1122
3121
1122
2211
1122
3121
2310
3000
//A
20221011
20211012
10121010
3110
02021011
10111022
20221010
3220
20221011
20211012
10121010
3110
02021011
10111022
20221010
3220
02021011
10111022
20221010
3330
0