bpm=100
measure=4
offset=0
speed=1

0
0
0
2010
2000110220001000
2010
11221222
2010
2000100022021010
2211
22121020

//
1002102010021020
1002102020201222
1002102020201020
1021120222102210
//暖かく
1002102010102010
2210221021102110
22122212
2212221221122110

//全部夢だったなら
1001201010012010
2001201020012010
20201010
2210221021102110
2121212121212121

//サビ
22122212
2020102022102010
2022102020221020
2001200120102110
2022120220221202
2022120222112210
33
2210221021112111

2010221020102110
2020122022112010
2012021020120110
2020202011111110
2022120220221202
2022120222112210
3333
3030303021212120


2001200020012020
2001200020112101

2001202020012210
2001202020111202

2001201120012210
2001201120112100

3000300030002102
2020102221011030

0
0
0