offset=0
bpm=190

0002
10110220
20220110
10122112
20210020
30110210
30220120
30122112
20210020
30020000
30010000
30020000
3111
2121
2121
2121
2121
21212120
3333
//IFIF
1111
21211110
2222
11112220
30302120
12121122
10020000
10010010
10101210
1001101010201000
2221
22122120
2121
2002202010101010
20020000
3333
//ぴたっと
00210201
01122112
00120101
01112222
00220102
01122112
20102102
02100000
//びしっと
00110202
02211112
00210201
02121111
00210101
02221111
10102201
02200000
//デバッグテスト
22022220
11011112
11111210
21202000
20201110
12221220
12221222
30303000
//恋愛も勉強も
00101101
00202202
10022003
33330020
20111201
01010121
20222112
01020112
speed=2
02122212
01212212
speed=1
10022000
//yes noだけで
00000020
21112200
30000010
20120010
20230303
//いつでも
00012020
11212202
00210010
20201101
22112200
30000010
10210020
10130303
00012020
11211201
00220020
22212201
00120020
20212202
00120221
20011000
20210121
//大変！
2121
2121
2121
2121
22112211
22112211
2022100020221000
2022100020221000
//sword
speed=0.6
2222
21212220
speed=0.7
1111
12121110
bpm=200
speed=0.8
2222
21212220
speed=0.9
1111
12121110
speed=1.0
22122210
21212220
speed=1.25
11212120
21121120
speed=1.5
22121120
22111122
speed=1.75
21212120
30303000
bpm=190
speed=1.0
22122212
2212
21
20003010
//ゲームの中の
22112200
30000020
10220020
10230303
00012020
10010010
20020020
21212113
00303000
0001
22112200
30000020
20110022
10130303
//いつでも
00011020
22122202
00120010
12121102
22112200
30000020
10110010
20230303
00000000
12121101
00110020
21212202
00120020
11121102
00210121
10022000
1122
11121102
00210121
12121212
30330333
0000
11210112
//探索・推理
10112020
11111210
20201210
30301120
22221111
22112121
30030000
3333
//RPG
0212
2002201010101000
00121022
1001101020202000
3333
11012121
10020000
12110112
speed=2.0
02201103
30000000
speed=1.0
0
0
0