bpm=150
measure=4
offset=0

//intro
22201110
22201010
20011020
2000100220000000
2220202011101010
2220202010001000
20011020
1010202012121021
2022202010111010
2000102220001000
2022202010111010
1000201110202000
//A
10102010
20222010
11112010
11221020
10102010
20222010
11112010
22112000

20111020
30102000
10212010
20103000
20212020
20201010
11221010
30303000
//sabi
21121010
12212020
22212011
30303000
21121010
12212020
10112022
20202000
//kanso
2022202010111010
2000102220001000
2022202010111010
1000201110202000
//2ban
2000100020221010
2000100020221010
2000100020221010
11222010
1000200010112020
1000200010112020
1000200010112020

22112000
2011101020111010
30102000
2011101020111010
20103000
20212020
20201010
11221010
3000300021212121
//sabi
21121010
12212020
22212011
30303000
21121010
12212020
12112022
20202000

20111020
30102000
10212011
20103000
20212020
20201010
11221011
30303000

//kanso
2222201111100000
2222201111100000
1111102222200000
1111102222200000
2121201212100000
2121201212100000
1212102121200000
1212102121200000
21212121
21212121
22222222
11111111
12121212
12121212
22112211
11221122
1001001020020020
3
0
0
0

//sabi
21121010
12212020
22212011
30303000
21121010
12212020
12112022
20202000

//sabi
21121010
12212220
20221011
30303000
21121010
12212020
12112211
20202000

20111020
30102000
10212010
20103000
20212020
20201010
11221010
30303000

11221010
30303000
0
0
0
0