bpm=194
measure=4
offset=0
speed=1.2

//intro
20000222
20000222
10000111
10000111
20000212
10000121
20000221
10000112
20220121
10110221
20120121
10120221
20120121
10120221
20210221
2121

//A
20221202
01212120
30000000
11110211
02110222
12020100
20110000
//でゅるるるる
0000000022221110

//激しくなるとこ
2022102000201020
2021102000101020
2022102000201020
2021102000101020
2021202000201020
2021102000101020
2000222010001110
3000000000000000

//B
20221022
2010202010001111
22221022
2010202010001111
2000202010002022
2010202210001111
2021202010002022
2010202022221110
//激しくなるとこ
2022102020221020
2222102022221020
2000222010001110
30001111
1011101110111011
2022202220222022
2022101120221011
2022101120221011

//サビ
2010221020120210
2010221020120210
2010221020120210
2010221020101111

2010211020120210
2010211020120210
2212201122101111
2010211022221110

2010221020210120
2010221020210120
2010221020210120
2010221020101111

2010211020210120
2010211020210120
2010211020102110
2010211022221110

2010221020120210
2010221020120210
2010221020120210
2010221020101111

//間奏
2210221022102210
2210221022102210
1120112011201120
1120112011201120
2210221022102210
2210221022102210
1120112011201120
1120112011201120

2210221022102210
2210221022102210
1120112011201120
1120112011201120
2210221022102210
2210221022102210
1120112011201120
1120112011201120

//落ちサビに向かうとこ
2222
1111
22102210
22112211
21212121
21212121
2121212121212121
2121212121212121
2000

//落ちサビ
0212
20020020
10010010
20010020
10010020
20020020
10010010
20020010
10010020
1122
1122
2221
2221
22112211
22112211
22221111
30000000
0000000022221110

//サビ
2010221020120210
2010221020120210
2010221020120210
2010221020101111

2010211020120210
2010211020120210
2212201122101111
2010211022221110

2010221020210120
2010221020210120
2010221020210120
2010221020101111

2010211020210120
2010211020210120
2010211020102110
2010211022221110

2010221020120210
2010221020120210
2010221020120210
2010221020101111


//閉会式
1122112211221122
1122112211221122
1222122212221222
1122112211221122
1122112211221122
1122112211221122
1112111211121112
1122112211221120
//コーラス
30000000
30003000
30000000
30003000
30000000
00000000
0
0
0030
0
