bpm=146
offset=0
speed=1.5

//intro
0
2021202010121010
2021202010121010
2021202010121010
2021202012122000
2021101020211010
1012202010122020
2021101020211010
1012202010122020
2120102021201020
1210201012102010
2120102021201020
1210201012102010
// A
20303131
21212121
20303131
2010300021201020
20303131
21212121
30312121
2010201020201201

20302123
03303003
30302123
3001201021201210
30302123
0030300030030030
3020302030103010
3020302021211021

// サビ
2000300120300030
03030303
3000300120300030
0030200120012001
2000300120300030
03030303
3000300120300030
0030200120012001

22332323
23323333
3020303020121030
2030302012102000
32223223
23232333
2120102121201021
2120102120121020

// C
20312121
21313130
20312121
20312030
30213031
20213030
3000300030010020
3012003030030030

// サビ2
1001001020200010
01010101
2120200020002000
2120200020002000
1001001020200010
01010101
2120200020002000
2120200020002000
1210121012101210
2120212021202120
1210121012101210
2120212021202120
22222222
speed=2
11111111
2121212121212121
20102010201020102010201021212121
speed=1.5
2000300021012030

// サビ3
3000300120300030
03030303
3000300120300030
0030200120012001
2000300120300030
03030303
3000300120300030
0030200120012001

22332323
23323333
3020303020121030
2030302012102000
32223223
23232333
2120102121201021
2120102120121020

2120102120100021
0021002100202020
20120102
0010100021201000
2120102120100021
0021002100202020
20120121
10220102

22332323
23323333
3020303020121030
2030302012102000
32223223
23232333
2120102121201021
2120110220030030
32222222
2020202020202121
0
0