offset=0
bpm=135
measure=4

  
0
21
1122
1122
1122
22112211
1122
1122
1122
22113000
//B
20201121
10102212
20201212
10202222
20201121
10102212
20201212
11223000
11112222
11112121
11112222
11221111
11112222
11112121
22112121
22113000
10102220
10102220
11102220
22112211
10102220
10102220
11102220
22113000
20211121
10122212
20211212
11221212
20211121
10122212
20211212
11223000
1010111020202220
1010111020102010
1010111020202220
1010222010101110
1010111020202220
1010111020102010
22112121
22113000
10102121
10102121
10102121
22112211
10102121
10102121
10102121
22113000
1332
2123
3221
2121
11221122
11221122
12121212
11112222
21
1212121210000000
0
