offset=0
bpm=150
measure=4
speed=1.25

2000100021201000
2000100021201000
//A
2000000022202000
1000000011101000
1000000021201000
2000000022212000
2000000021201000
1000000021101000
1000000021221000
1000000011112210
2000000022202000
1000000011101000
1000000021201000
2000000022212000
2000000021201000
1000000021101000
1000000021221000
1000000021212210
//B
1010112101011222
0021212022112210
1010112101011222
0021212212212210
1010112101011222
0021212022112210
1010112101011222
0021212212212210
3000200021201000
2000100021221000
2000100021221220
2222102221201000
1010112101011222
0021212022112210
1010112101011222
0021212212212210
//A
2020102221201000
2222102221221000
2210221021112210
2211221122221111
2020102221201000
2222102221221000
2210221021112210
2211221122221111
2022102221221000
2122101221121020
2221012221221011
2010221022121210
2002102022122210
2021102201121000
2220121021221010
2211221121212121
//B
1010112101011222
0021212022112210
1010112101011222
0021212212212210
1010112101011222
0021212022112210
1010112101011222
0021212212212210
3020202221201000
2020102221221000
2020101121221220
2222102221201000
1010112101011222
0021212022112210
1010112101011222
0021212212212210
3
0
0
0
0
